,0,1,2,3,4,5,6,7,8,9
#9,0.010130870727822401,0.0,0.0007733638827022775,0.15618419878463818,0.6993598200849869,1.3783915227463828,0.20957766099785907,0.16813350929492069,0.0,0.004895745013710473
120 Minute IPA,0.11786302202969591,0.08625077777133615,0.07518679431245488,0.7247698340631371,0.03763992643400157,0.0,0.7930137468462781,0.0,0.016176757315827593,0.0
1554 Enlightened Black Ale,0.030275551966457877,0.10377609264347014,0.0013784242132978762,0.0,0.5883572533117388,0.0,0.0,0.4846294085179783,0.893390589872111,0.0
21st Amendment IPA,0.04711837160793959,0.0,0.0656976533504844,0.0,0.0,0.3182097350068327,1.0767607722741046,0.07683092061569874,0.40059345851190514,0.0
2XIPA,0.0,0.0,0.0,0.0,0.0,0.18521626407066855,2.6309258327060845,0.043893077493008366,0.03826069473119286,0.0
2° Below Winter Ale,0.02322974742871063,0.04115331425192816,0.0,0.0,0.26126018970037174,0.0,0.0,0.13450783056427765,0.7800845667284331,0.0
30th Anniversary - Fritz And Ken's Ale,0.04290068157646333,0.0012127796208460388,0.08021960505693822,0.0,0.0,0.0,2.2177365025931115,0.0,0.15552646711078494,0.0
30th Anniversary - Grand Cru,0.00563087830631872,0.007456274760222452,0.047077073104693896,0.0,0.0,0.0,1.9657675892445332,0.0,0.08636182720384779,0.0
30th Anniversary - Jack & Ken's Ale,0.021409811081681395,0.005294857512525226,0.027575837968376045,0.0,0.0,0.0,1.7959303172739713,0.0,0.0,0.0
312 Urban Wheat,0.0,0.0,0.0,0.0,0.35073966237561477,0.0,0.33052185574679577,0.8263416481446318,0.0,0.02121233731180826
400 Pound Monkey,0.015781505116665238,0.026227984986924094,0.0,0.0,0.08559323946235149,0.0,1.072817302923478,0.06186336221917742,0.1976981419216661,0.0
471 IPA,0.09588703462836234,0.05858112462829645,0.0,0.0,0.06515936427182846,0.0,0.007843240886391281,0.37188953212669507,0.4548240942096848,0.0
60 Minute IPA,0.0,0.01524537039885864,0.0,1.2626343089089265,0.4220216419077991,1.2471695831579401,0.28782072875071446,0.3076564714523194,0.8928452619647522,0.10914722641042704
8 Ball Stout,0.011196591697475222,0.18676357064723986,0.0,0.021278336847553474,0.07302415999291545,0.005470267514659522,0.0,0.03728268046524521,0.2784346476616418,0.0
90 Minute IPA,0.0,0.021549904884692286,0.08404269276650955,2.1047732716236136,0.3081786972326219,0.6624445408343755,0.4349279260250776,0.10182413780068626,0.9653451083384583,0.12902434719686928
A Little Sumpin' Sumpin' Ale,0.0,0.0,0.0,0.0,0.0,0.03500179493661423,2.5361529906169937,0.07154755099394167,0.8145879979549391,0.0
A Little Sumpin' Wild,0.0,0.0,0.01637643127835325,0.0,0.0,0.0,2.4481746140258314,0.0,0.49908338299266186,0.0
ACME California IPA,0.004352205229786277,0.09692860326736984,0.0,0.0,0.06567915621963226,0.4340321701778846,0.0,0.0,0.4743150936725466,0.0
Abbaye Des Rocs Grand Cru Belgian Special Brown,0.02759078866206922,0.2742602361835086,0.00040057891074139686,0.13288992823148318,0.0,0.0,0.0,0.0,0.0,0.08022701027170005
Abbey Belgian Style Ale,0.008247346846670996,0.15924567718052973,0.008425884263168221,0.0,0.20763583217136075,0.0,0.0,0.2599020917867302,0.5411451441539765,0.0
Abrasive Ale,0.0,0.0,0.4569440115859221,0.0,0.0,0.0,0.15085890107384436,0.2771269780327034,0.022866294715068226,0.0
Adam,0.020936707791510644,0.1960685183816166,0.4339785820826902,0.0,0.0,0.0,0.0770360923860171,0.0,0.21950497602726504,0.0
Aecht Schlenkerla Rauchbier Märzen,0.0071764426473089225,0.130599376105587,0.0,0.0,0.13593781604881108,0.08947221182513002,0.4355238092497851,0.11074606338324906,0.0,0.838458883644887
Aecht Schlenkerla Rauchbier Urbock,0.012666477737297776,0.17819387930175112,0.03210992881216025,0.0,0.0004570310312862078,0.06639995865821123,0.41890315805151135,0.0,0.0,0.36843025555146425
Affligem Blond,0.0,0.04843199093181336,0.0,0.0,0.125948556360596,0.041376274986270424,0.0,0.0,0.0,0.707061979537905
Alaskan Amber,0.0034668814376656834,0.12242063413686245,0.021166835268426026,0.0,0.14402127051857375,0.0,0.0,0.0,0.7299135860868459,0.0
Alaskan Smoked Porter,0.05545572278728887,0.21605030655832616,0.23403431663949492,0.0322309300665975,0.0,0.0,0.0,0.0,0.5464943657968652,0.0
Alba Scots Pine Ale,0.0,0.15904508862767175,0.0,0.0,0.02637724269425517,0.07349660094593712,0.0,0.0,0.0,0.37992989609914746
Ale To The Chief,0.13409438895688675,0.0,0.0,0.0,0.0,0.0,0.0,0.0,0.4529298750156012,0.0
AleSmith IPA,0.052364971005264334,0.09576060138632887,0.46827307496958864,0.05697747222409508,0.0,0.03780285355955222,0.0,0.0,0.8496183394282989,0.0
AleSmith Old Numbskull,0.07259691702206142,0.12172916381572349,0.14235381421212004,0.0,0.0,0.0,0.0,0.0,0.009732227792592314,0.0
AleSmith Speedway Stout,0.04431317220760458,0.12877812968406882,0.6366679661737118,0.29505383960024956,0.0,0.0,0.0,0.0,0.2072384956448798,0.0
AleSmith Wee Heavy,0.057267963382945174,0.13551437322084975,0.13875350681814874,0.0,0.0,0.0,0.0,0.0,0.028654795023318583,0.0
Allagash Black,0.11664114371880352,0.0,0.024635278929462153,0.0,0.0,0.07545920939985773,0.8225968629522109,0.0,0.0,0.06556290919256867
Allagash Curieux (Bourbon Barrel-Aged Tripel),0.10877381020169284,0.08445266659986438,0.13809277329067637,0.0,0.0,0.0,0.47031477265314653,0.0,0.0,0.12934746322493892
Allagash Dubbel Ale,0.019676426498293438,0.21854900307462496,0.0062427256234407385,0.07404340602974466,0.0,0.5398728460064737,0.11116677239924437,0.0,0.0,0.18462024510471126
Allagash FOUR,0.11131500215746852,0.11889367942185601,0.03377997322285809,0.0,0.0,0.0,0.0,0.0,0.0,0.11575298797183962
Allagash Grand Cru,0.04335860495131037,0.239722373007596,0.0,0.06664283950582175,0.0,0.2751487184106465,0.0,0.0,0.0,0.0
Allagash Interlude,0.08337669875079574,0.03920179207394016,0.1991123414733358,0.0,0.0,0.0018171586418834742,0.0,0.0,0.0,0.01307800110094373
Allagash Tripel Ale,0.03620321116257418,0.1997898763280367,0.013171277874642992,0.11419871447053935,0.0,0.41616316748156046,0.26508361386442886,0.0,0.0,0.3503184222958409
Allagash White,0.0,0.16896524380661004,0.0768569320749017,0.1550050222735213,0.04322226326285544,1.2710834576223635,0.07908788039150723,0.0,0.06315271026226754,0.3675844532464737
Alpha King Pale Ale,0.0,0.10132054870460466,0.3784509417602301,0.5404872588138193,0.0,0.012617648361534473,0.0,1.4421838617541969,0.0,0.0
Alpha Klaus Christmas (Xmas) Porter,0.03557789491643161,0.12841874231958644,0.2259977909437967,0.0,0.0,0.0,0.0,0.6498951107912434,0.0,0.0
Amber,0.0020287948561532477,0.10475296311331489,0.0,0.0,0.46056013847208765,0.05043665402735094,0.2113860873632626,0.0,0.11211443294752348,0.0
Amber Ale,0.0,0.09515669459312869,0.016212595429272367,0.0,0.26524634160937266,0.0,0.13689256968918204,0.09999031517831211,0.2707908235235868,0.0
American Amber Ale,0.0,0.21486712418197876,0.0,0.07842904987021483,0.45507084638040074,0.11891944784137812,0.0,0.0,0.3390291859863342,0.0
American Pale Ale,0.014572183772493566,0.08506894750938779,0.004770194406576526,0.0,0.05083851311062806,0.24526290285591723,0.0,0.2400354827739322,0.016295899117277305,0.0
Amstel Light,0.0,0.03520281375498436,0.009930197949804013,0.0,0.5003915960401768,0.08713023564462279,0.0094368621642648,0.0,0.0,0.002824665519725532
Anchor Bock Beer,0.059405898962380695,0.108297202722892,0.0,0.0,0.22404424048923557,0.12955632550044854,0.0,0.0,0.30068859347637056,0.014917908522120016
Anchor Liberty Ale,0.0,0.1464396939903556,0.0,0.21880377939382564,0.7487314379055267,0.433337598323896,0.0,0.0,0.6538353134073073,0.5946615225934614
Anchor Old Foghorn,0.05937001991439091,0.22678743040377541,0.002218228933125657,0.19310744856884796,0.12042508425424338,0.0,0.2379478252545605,0.0,0.3704441463160222,0.16007798730447712
Anchor Porter,0.0,0.18081002030752583,0.0,0.35157477537048615,0.7787363876585666,0.1794723171377742,0.06332456271795513,0.0,0.545415440918791,0.288746160664382
Anchor Steam Beer,0.0,0.05806371095580582,0.007855935223072354,0.30435983785799636,1.1989199095817982,0.38014784250838,0.0008555156467648663,0.0,0.46632304829580695,0.8186320692612351
Anchor Summer Beer,0.0,0.1202489495916406,0.0,0.0,0.27015989023026005,0.3232338913646782,0.1347950792259023,0.0,0.2876936706836319,0.0566821007230622
Aphrodisiaque,0.016633546089715092,0.0,0.19094513204503938,0.0,0.0,0.0,0.7505426069917422,0.0,0.0,0.28226748968641635
ApriHop,0.015856756274744276,0.11627539411432897,0.026960304457470143,0.5190054776294049,0.0,0.816518616024769,1.3664344532539792,0.12258023799962517,0.2553881129756338,0.0
Arcadia HopMouth Double IPA,0.083040689172978,0.01515217756427209,0.0,0.0,0.0,0.10885425162087435,0.0,0.5024542963007075,0.0469132740004815,0.0
Arctic Panzer Wolf,0.0,0.0,0.23377066804574034,0.0,0.0,0.0,0.7482739882485433,0.3042181954888626,0.0,0.0
Arrogant Bastard Ale,0.0005034369497661662,0.0972086564701899,0.0,1.7441167067018697,0.5736841582961932,0.4529549532347594,0.0,0.0,0.9446686179240457,0.14024882056103188
Asahi Super Dry,0.0,0.03857209647125806,0.0,0.0,0.3242495979643806,0.0,0.0,0.0,0.0,0.2580980262339449
Atwater Vanilla Java Porter,0.026728312882792583,0.0,0.0,0.0,0.08040365874064977,0.17824722607721977,0.3232959111007711,0.09182654373424898,0.0,0.0
Audacious Apricot Ale,0.0,0.0944813872466474,0.0,0.0,0.3585451161951616,0.0,0.0,0.060355693697129016,0.2011279920943562,0.0
Augustijn Ale,0.0037013077017754993,0.1312350591474887,0.0,0.0,0.004395627877326637,0.12276551204071529,0.0,0.0,0.0,0.4531960830048497
Autumn Maple,0.0263746551074928,0.004522846055416106,0.1681634362035218,0.0,0.0,0.0,0.9336322902743204,0.0,0.0,0.0
Avalanche Ale,0.005343435129495879,0.06622434848874464,0.0,0.0,0.31210487547572546,0.0,0.08449713932430099,0.18406047378482668,0.05958436891822285,0.0
Avec Les Bons Voeux,0.06814629130730293,0.11603553784777661,0.1033956620046908,0.0,0.0,0.0,0.0,0.0,0.0,0.45457776714363757
Avery Anniversary Ale - Fifteen,0.11455607706866688,0.015718088196304988,0.04099585329556768,0.0,0.0,0.0,0.0,0.0,0.16317985513276306,0.0
Ayinger Altbairisch Dunkel,0.003589517848787364,0.1823130213245361,0.0013982626293505876,0.0,0.14111058888935984,0.0,0.025140903189920027,0.0,0.052891952361251014,0.29835176564332505
Ayinger Bräu Weisse,0.00594010285534215,0.1466035746612479,0.0020189597045629152,0.0,0.3420623081214729,0.19259335673467826,0.09643185656648921,0.0,0.0,0.660590885860354
Ayinger Celebrator Doppelbock,0.0,0.16321604767699463,0.2120289415784816,1.1685433697185499,0.5592842467660215,0.12807642577114364,0.0,0.035657404432853174,0.024339212944698034,0.8202760026162498
Ayinger Jahrhundert Bier,0.0,0.16345060577210294,0.0,0.0,0.15036430973646603,0.08231669569190161,0.10198219607855781,0.0,0.0,0.33254593956059736
Ayinger Oktober Fest-Märzen,0.0,0.15391341416649568,0.0,0.0,0.3589393845547066,0.209361276408665,0.6647326589377558,0.12741860145145925,0.27111381440324733,0.2276664283031879
Ayinger Ur-Weisse,0.002138232864326733,0.1615561162306329,0.0025142116050137814,0.0,0.16545551944319695,0.01832407618939041,0.1385040987191146,0.0,0.027182242394543213,0.37081086211643804
B.O.R.I.S. The Crusher Oatmeal-Imperial Stout,0.15423826157162587,0.0,0.26794198464744634,0.14134400516288892,0.0,0.0,0.6601350158810468,0.17640570870324604,0.0,0.0
Back In Black,0.0,0.0,0.0,0.0,0.0,0.2201868764655273,1.7037156213366225,0.047671977211047926,0.1667047488817778,0.0
Backburner (Imperial Barley Wine Style Ale),0.16543807887473708,0.0,0.0,0.0,0.0,0.0,0.5011519443382431,0.01597266566521479,0.0,0.0
Baltic Thunder,0.13364367748990147,0.0,0.015957058496172363,0.0,0.0,0.43678578787118405,0.28425459842935796,0.0,0.050590008141957195,0.0
Baltika #6 Porter,0.03725606449828334,0.13887842517645524,0.0,0.0,0.2918116306604416,0.0,0.0,0.061219159212145144,0.0986813806047708,0.11805133834071335
Baltika #9 Extra (Strong),0.008000704211371112,0.05887692416412397,0.0,0.0,0.2157739022202981,0.0,0.06502414153571272,0.0,0.013897982844337705,0.07604460942550585
Bam Bière,0.0750060389171843,0.10033823291047865,0.08516452472137899,0.0,0.0,0.0,0.0,0.29258211193851297,0.03213778497640402,0.12060959612903714
Barleywine Style Ale,0.10309273883749945,0.01178777577146601,0.0,0.0,0.0,0.0,0.0,0.0,0.40239236027308856,0.0
Barney Flats Oatmeal Stout,0.0,0.20644037705958543,0.006473526196293788,0.05127375088103472,0.0826357898410433,0.339503299348494,0.05929589219933067,0.15262650759468108,0.6097305355513526,0.0
Barrel Aged B.O.R.I.S. Oatmeal Imperial Stout,0.030835946252949893,0.0,0.2781260143816008,0.0,0.0,0.0,0.6834411466463371,0.0,0.0,0.0
Bashah,0.04147374006773779,0.0,0.03199491290462377,0.0,0.0,0.0,1.0055126222715758,0.0,0.06741232978290265,0.12605429017325465
Bass Pale Ale,0.0,0.0812777705120174,0.0,0.0,1.2884942473632708,0.029468615090214433,0.0,0.0,0.0,0.3193304725043342
Beamish Irish Stout,0.0012569462401106014,0.15631283461062093,0.0,0.0,0.6536928341589451,0.05587799286270222,0.0,0.0,0.0,0.03360709182956275
Beatification,0.02179712085248377,0.023075802876314794,0.39302406283222246,0.0,0.0,0.0,0.0,0.0,0.0,0.0
Beck's,0.0,0.007997742417604238,0.0,0.0,0.7186795602818506,0.0,0.0,0.0,0.0,0.2400824718046176
Beck's Oktoberfest,0.0,0.07717172690648752,0.0,0.0,0.5080022243070103,0.19906333749570862,0.0003563610253917897,0.0,0.0,0.0
Beer Geek Breakfast,0.14633405946450392,0.0,0.2063780568283478,0.0,0.0,0.0,0.6362079462203389,0.0,0.04296179799706092,0.24340066713753133
Beer Geek Brunch Weasel,0.0035490677023283404,0.0,0.4230801610492775,0.0,0.0,0.0,0.9275444399279968,0.0,0.0,0.12160102260767464
Behemoth Blonde Barleywine,0.062107235786007624,0.0453369717225835,0.21864536705262674,0.0,0.0,0.0,0.0,0.28802768892676134,0.0,0.0
Belhaven Scottish Ale,0.0,0.1807983064712025,0.0,0.0,0.6062742632261344,0.2117211826480731,0.033724850929700366,0.0,0.06419507979783873,0.1833002151721626
Belhaven Twisted Thistle IPA,0.03041372605364712,0.08559458981803002,0.0,0.0,0.12919142697175995,0.029308788449625825,0.0,0.0,0.22312963612999015,0.2207753048703147
Bell's Amber Ale,0.0,0.06483040341571518,0.0,0.0,0.26361814101759895,0.17705908679547055,0.19055422250243093,1.1444213329573056,0.0,0.03895481466798643
Bell's Batch 10000,0.0,0.0,0.0702921385067917,0.0,0.0,0.0,1.0336121336382387,0.30035831309033467,0.0,0.0
Bell's Batch 9000,0.0,0.0,0.23590709733732027,0.0,0.0,0.0,0.6071398153557894,0.39651814075711544,0.0,0.0
Bell's Best Brown,0.0,0.050138884854780026,0.0,0.0,0.08773055436947926,0.11626609369742223,0.22484852291393567,1.235603824291313,0.0,0.0
Bell's Cherry Stout,0.045422149032265,0.08618236960555672,0.06803167988877916,0.04655764755085756,0.009201677227667297,0.0,0.36608120099025115,0.7912531241825974,0.0,0.0
Bell's Christmas Ale,0.015378079876023965,0.0,0.0,0.0,0.012829088676518309,0.0,0.5526271193973115,0.6160944408165001,0.0,0.0
